-50 98 53 -100 78 -77 -80 79 0 0 0 3 -105 0 0 0 0 0 0 0 
-27 98 24 -100 48 -33 -46 30 0 0 0 2 -63 0 0 0 0 0 0 0 
18 98 -12 -100 19 0 -19 1 0 0 0 7 11 0 0 0 0 0 0 0 
-17 70 19 -69 5 0 -2 1 0 0 0 1 -25 0 0 0 0 0 0 0 
-17 70 19 -69 5 0 -2 1 0 0 0 1 -25 0 0 0 0 0 0 0 
-6 61 0 -69 1 0 -3 1 0 122 11 -10 -25 -46 11 0 0 61 -82 0 
3 75 0 -69 1 0 1 1 0 55 -14 20 -25 -121 -3 63 -76 -3 4 0 
-6 61 0 -69 1 0 -3 1 0 122 11 -10 -25 -46 11 0 0 61 -82 0 
3 75 0 -69 1 0 1 1 0 55 -14 20 -25 -121 -3 63 -76 -3 4 0 
-6 61 0 -69 1 0 -3 1 0 122 11 -10 -25 -46 11 0 0 61 -82 0 
3 75 0 -69 1 0 1 1 0 55 -14 20 -25 -121 -3 63 -76 -3 4 0 
-6 61 0 -69 1 0 -3 1 0 122 11 -10 -25 -46 11 0 0 61 -82 0 
3 75 0 -69 1 0 1 1 0 55 -14 20 -25 -121 -3 63 -76 -3 4 0 
-6 61 0 -69 1 0 -3 1 0 122 11 -10 -25 -46 11 0 0 61 -82 0 
3 75 0 -69 1 0 1 1 0 55 -14 20 -25 -121 -3 63 -76 -3 4 0 
-6 61 0 -69 1 0 -3 1 0 122 11 -10 -25 -46 11 0 0 61 -82 0 
3 75 0 -69 1 0 1 1 0 55 -14 20 -25 -121 -3 63 -76 -3 4 0 
-29 0 29 -1 55 -56 -61 62 0 5 -14 1 -25 -10 -3 -19 8 -3 4 0 
-33 -99 31 104 55 -56 -61 62 0 5 -14 1 -25 -10 -3 -19 8 -3 4 0 
-33 -99 31 104 55 -56 -61 62 0 5 -14 1 -25 -10 -3 -19 8 -3 4 11 
-33 -99 31 104 55 -56 -61 62 0 5 -14 1 -25 -10 -3 -19 8 -3 4 -11 
-33 -99 31 104 55 -56 -61 62 0 5 -14 1 -25 -10 -3 -19 8 -3 4 11 
-33 -99 31 104 55 -56 -61 62 0 5 -14 1 -25 -10 -3 -19 8 -3 4 -16 
-33 -99 31 104 55 -56 -61 62 0 5 -14 1 -25 -10 -3 -19 8 -3 4 6 
-33 -99 31 104 55 -56 -61 62 0 5 -14 1 -25 -10 -3 -19 8 -3 4 -4 
-58 0 57 -2 2 -3 0 1 0 5 -14 4 -11 -10 -3 -19 8 -3 4 -3
-50 98 53 -100 78 -77 -80 79 0 0 0 3 -105 0 0 0 0 0 0 0 
-27 98 24 -100 48 -33 -46 30 0 0 0 2 -63 0 0 0 0 0 0 0 
18 98 -12 -100 19 0 -19 1 0 0 0 7 11 0 0 0 0 0 0 0 
-17 70 19 -69 5 0 -2 1 0 0 0 1 -25 0 0 0 0 0 0 0 
-17 70 19 -69 5 0 -2 1 0 0 0 1 -25 0 0 0 0 0 0 0 
-18 0 -11 1 32 -33 -32 27 0 0 0 6 -45 0 0 0 0 0 0 0 
-27 0 -23 1 32 -33 -32 27 0 0 0 6 -45 0 0 0 0 0 0 0 
-42 0 -47 1 32 -33 -32 27 0 0 0 6 -45 0 0 0 0 0 0 0 
-32 0 -27 1 32 -33 -32 27 0 0 0 6 -45 0 0 0 0 0 0 0 
-18 0 -11 1 32 -33 -32 27 0 0 0 6 -45 0 0 0 0 0 0 0 
-27 0 -23 1 32 -33 -32 27 0 0 0 6 -45 0 0 0 0 0 0 0 
-58 0 59 1 25 -22 -24 21 0 0 0 6 -30 -18 0 0 0 0 0 0 
-58 3 190 67 25 -22 -24 21 0 0 0 6 -30 -70 66 0 0 0 0 0 
-58 0 59 1 25 -22 -24 21 0 0 0 6 -30 -18 0 0 0 0 0 0 
-58 3 190 67 25 -22 -24 21 0 0 0 6 -30 -70 66 0 0 0 0 0 
-58 0 59 1 25 -22 -24 21 0 0 0 6 -30 -18 0 0 0 0 0 0 
-40 3 23 -368 25 -22 -24 21 26 88 76 6 -30 -99 -87 0 0 0 0 0 
20 2 23 -359 25 -22 -24 21 -31 15 -4 6 -30 2 -5 0 0 0 0 0 
-40 3 23 -368 25 -22 -24 21 26 88 76 6 -30 -99 -87 0 0 0 0 0 
20 2 23 -359 25 -22 -24 21 -31 15 -4 6 -30 2 -5 0 0 0 0 0 
-40 3 23 -368 25 -22 -24 21 26 88 76 6 -30 -99 -87 0 0 0 0 0 
20 2 23 -359 25 -22 -24 21 -31 15 -4 6 -30 2 -5 0 0 0 0 0 
-40 3 23 -368 25 -22 -24 21 26 88 76 6 -30 -99 -87 0 0 0 0 0 
20 2 23 -359 25 -22 -24 21 -31 15 -4 6 -30 2 -5 0 0 0 0 0 
-50 98 53 -100 78 -77 -80 79 0 0 0 3 -105 0 0 0 0 0 0 0 
-27 98 24 -100 48 -33 -46 30 0 0 0 2 -63 0 0 0 0 0 0 0 
18 98 -12 -100 19 0 -19 1 0 0 0 7 11 0 0 0 0 0 0 0 
-17 70 19 -69 5 0 -2 1 0 0 0 1 -25 0 0 0 0 0 0 0 
-17 70 19 -69 5 0 -2 1 0 0 0 1 -25 0 0 0 0 0 0 0 
-107 -57 42 0 43 -43 -48 47 0 79 0 4 -46 45 0 0 0 0 0 0 
-43 2 15 -2 43 -43 -48 47 0 -47 0 4 -46 -101 -90 0 0 0 0 0 
-107 -57 42 0 43 -43 -48 47 0 79 0 4 -46 45 0 0 0 0 0 0 
-43 2 15 -2 43 -43 -48 47 0 -47 0 4 -46 -101 -90 0 0 0 0 0 
-107 -57 42 0 43 -43 -48 47 0 79 0 4 -46 45 0 0 0 0 0 0 
-43 2 15 -2 43 -43 -48 47 0 -47 0 4 -46 -101 -90 0 0 0 0 0 
-43 2 15 -2 43 -43 -48 47 0 -47 0 4 -46 -101 -90 0 0 0 0 0 
27 2 -73 -2 7 -1 -4 -1 0 -9 0 1 -22 15 0 0 0 0 0 0 
77 2 -29 -2 7 -1 -4 -1 0 -9 0 1 -22 15 0 0 0 0 0 0
27 2 -73 -2 7 -1 -4 -1 0 -9 0 1 -22 15 0 0 0 0 0 0 
77 2 -29 -2 7 -1 -4 -1 0 -9 0 1 -22 15 0 0 0 0 0 0
27 2 -73 -2 7 -1 -4 -1 0 -9 0 1 -22 15 0 0 0 0 0 0 
77 2 -29 -2 7 -1 -4 -1 0 -9 0 1 -22 15 0 0 0 0 0 0
77 2 -29 -2 7 -1 -4 -1 0 -9 0 1 -22 15 0 0 0 0 0 0
-107 -57 42 0 43 -43 -48 47 0 79 0 4 -46 45 0 0 0 0 0 0 
-43 2 15 -2 43 -43 -48 47 0 -47 0 4 -46 -101 -90 0 0 0 0 0 
-107 -57 42 0 43 -43 -48 47 0 79 0 4 -46 45 0 0 0 0 0 0 
-43 2 15 -2 43 -43 -48 47 0 -47 0 4 -46 -101 -90 0 0 0 0 0 
-43 2 15 -2 43 -43 -48 47 0 -47 0 4 -46 -101 -90 0 0 0 0 0 
-50 98 53 -100 78 -77 -80 79 0 0 0 3 -105 0 0 0 0 0 0 0 
-27 98 24 -100 48 -33 -46 30 0 0 0 2 -63 0 0 0 0 0 0 0 
18 98 -12 -100 19 0 -19 1 0 0 0 7 11 0 0 0 0 0 0 0 
-17 70 19 -69 5 0 -2 1 0 0 0 1 -25 0 0 0 0 0 0 0 
-17 70 19 -69 5 0 -2 1 0 0 0 1 -25 0 0 0 0 0 0 0 
-17 70 19 -69 5 0 -2 1 0 0 0 1 -25 0 0 0 0 0 0 0 
-38 130 -60 0 0 0 0 0 0 0 0 -97 -55 0 0 63 -86 0 0 0 
4 29 -8 0 0 0 0 0 0 0 0 -23 -12 0 0 31 -51 0 0 0 
54 0 53 -108 0 0 0 0 0 0 0 108 -76 0 0 -2 2 61 -72 0
-38 130 -60 0 0 0 0 0 0 0 0 -97 -55 0 0 63 -86 0 0 0 
4 29 -8 0 0 0 0 0 0 0 0 -23 -12 0 0 31 -51 0 0 0 
54 0 53 -108 0 0 0 0 0 0 0 108 -76 0 0 -2 2 61 -72 0
-38 130 -60 0 0 0 0 0 0 0 0 -97 -55 0 0 63 -86 0 0 0 
4 29 -8 0 0 0 0 0 0 0 0 -23 -12 0 0 31 -51 0 0 0 
54 0 53 -108 0 0 0 0 0 0 0 108 -76 0 0 -2 2 61 -72 0
-38 130 -60 0 0 0 0 0 0 0 0 -97 -55 0 0 63 -86 0 0 0 
4 29 -8 0 0 0 0 0 0 0 0 -23 -12 0 0 31 -51 0 0 0 
54 0 53 -108 0 0 0 0 0 0 0 108 -76 0 0 -2 2 61 -72 0
0 79 0 -77 13 -13 -13 13 0 91 0 5 -37 -87 0 0 0 0 0 0 
0 79 0 -77 13 -13 -13 13 0 91 0 5 -37 -87 0 0 0 0 0 -24 
0 79 0 -77 13 -13 -13 13 -46 91 0 5 -37 -87 0 0 0 0 0 -9 
0 79 0 -77 13 -13 -13 13 -26 91 0 5 -37 -87 0 0 0 0 0 14 
0 79 0 -77 13 -13 -13 13 -3 91 0 5 -37 -87 0 0 0 0 0 22 
0 79 0 -77 13 -13 -13 13 20 91 0 5 -37 -87 0 0 0 0 0 8 
0 79 0 -77 13 -13 -13 13 14 91 0 5 -37 -87 0 0 0 0 0 -10 
0 79 0 -77 13 -13 -13 13 -6 91 0 5 -37 -87 0 0 0 0 0 -13
0 0 0 0 19 0 -22 0 0 0 0 -3 -2 0 0 0 0 0 0 0 
-45 0 44 0 1 0 -3 0 0 0 0 -1 -39 0 0 0 0 0 0 0 
-45 -2 44 -1 1 0 -3 0 0 0 0 -1 -39 0 0 0 0 0 0 10 
-44 -96 44 92 1 0 -3 0 42 0 0 -1 -39 0 0 0 0 0 0 -7
